9.09000015e+01	0.00000000e+00
9.35000000e+01	0.00000000e+00
9.60999985e+01	0.00000000e+00
9.76999969e+01	0.00000000e+00
9.95999985e+01	0.00000000e+00
1.02000000e+02	0.00000000e+00
1.03800003e+02	0.00000000e+00
1.05599998e+02	0.00000000e+00
1.07699997e+02	0.00000000e+00
1.10400002e+02	0.00000000e+00
1.14000000e+02	0.00000000e+00
1.17800003e+02	0.00000000e+00
1.21300003e+02	0.00000000e+00
1.24800003e+02	0.00000000e+00
1.27099998e+02	0.00000000e+00
1.28399994e+02	0.00000000e+00
1.30500000e+02	0.00000000e+00
1.32399994e+02	0.00000000e+00
1.33899994e+02	0.00000000e+00
1.36600006e+02	0.00000000e+00
1.39800003e+02	0.00000000e+00
1.43300003e+02	0.00000000e+00
1.47199997e+02	0.00000000e+00
1.51000000e+02	0.00000000e+00
1.55199997e+02	0.00000000e+00
1.58800003e+02	0.00000000e+00
1.62000000e+02	0.00000000e+00
1.66000000e+02	0.00000000e+00
1.70300003e+02	0.00000000e+00
1.73399994e+02	0.00000000e+00
1.76800003e+02	0.00000000e+00
1.80199997e+02	0.00000000e+00
1.81699997e+02	0.00000000e+00
1.86100006e+02	0.00000000e+00
1.91000000e+02	0.00000000e+00
1.93899994e+02	0.00000000e+00
1.98399994e+02	0.00000000e+00
2.01800003e+02	0.00000000e+00
2.05000000e+02	0.00000000e+00
2.10500000e+02	0.00000000e+00
2.16199997e+02	0.00000000e+00
2.19800003e+02	0.00000000e+00
2.23000000e+02	0.00000000e+00
2.26800003e+02	0.00000000e+00
2.30000000e+02	0.00000000e+00
2.34000000e+02	0.00000000e+00
2.40000000e+02	0.00000000e+00
2.46500000e+02	0.00000000e+00
2.52399994e+02	0.00000000e+00
2.56799988e+02	0.00000000e+00
2.60000000e+02	0.00000000e+00
2.64000000e+02	0.00000000e+00
2.68500000e+02	0.00000000e+00
2.73500000e+02	0.00000000e+00
2.78500000e+02	0.00000000e+00
2.84000000e+02	0.00000000e+00
2.90000000e+02	2.03556847e-39
2.96000000e+02	1.13093100e-38
3.01000000e+02	4.02156906e-38
3.08000000e+02	2.18499793e-37
3.18000000e+02	2.16209758e-36
3.28000000e+02	1.88230003e-35
3.38000000e+02	1.45435855e-34
3.48000000e+02	1.00469772e-33
3.57000000e+02	5.24597909e-33
3.66000000e+02	2.53804122e-32
3.75000000e+02	1.13848548e-31
3.85000000e+02	5.57292357e-31
3.95000000e+02	2.52586664e-30
4.05000000e+02	1.06203355e-29
4.14000000e+02	3.64632519e-29
4.22000000e+02	1.04596105e-28
4.30000000e+02	2.88140073e-28
4.41000000e+02	1.09276204e-27
4.51000000e+02	3.47013473e-27
4.60000000e+02	9.39511522e-27
4.70000000e+02	2.71357825e-26
4.80000000e+02	7.49269308e-26
4.90000000e+02	1.98291648e-25
5.00000000e+02	5.04017494e-25
5.06000000e+02	8.96570091e-25
5.12000000e+02	1.56669073e-24
5.20000000e+02	3.08501162e-24
5.30000000e+02	6.99288770e-24
5.40000000e+02	1.53497141e-23
5.50000000e+02	3.27779312e-23
5.60000000e+02	6.80161886e-23
5.70000000e+02	1.37443451e-22
5.80000000e+02	2.70767567e-22
5.90000000e+02	5.21230861e-22
6.00000000e+02	9.80855229e-22
6.10000000e+02	1.80644284e-21
6.20000000e+02	3.25832705e-21
6.30000000e+02	5.75986024e-21
6.40000000e+02	9.99819061e-21
6.50000000e+02	1.70555961e-20
6.58000000e+02	2.58102582e-20
6.65000000e+02	3.67734509e-20
6.75000000e+02	6.01756866e-20
6.85000000e+02	9.69149153e-20
6.95000000e+02	1.53940739e-19
7.05000000e+02	2.41017401e-19
7.16000000e+02	3.88620068e-19
7.26000000e+02	5.91834103e-19
7.35000000e+02	8.55705237e-19
7.45000000e+02	1.27376712e-18
7.55000000e+02	1.87459901e-18
7.65000000e+02	2.72943382e-18
7.75000000e+02	3.93322583e-18
7.85000000e+02	5.61064604e-18
7.95000000e+02	7.92318819e-18
8.05000000e+02	1.10944489e-17
8.15000000e+02	1.53838209e-17
8.25000000e+02	2.11588669e-17
8.35000000e+02	2.88585126e-17
8.45000000e+02	3.90417148e-17
8.55000000e+02	5.24096564e-17
8.65000000e+02	6.98227097e-17
8.75000000e+02	9.23874815e-17
8.85000000e+02	1.21415222e-16
8.95000000e+02	1.58439250e-16
9.05000000e+02	2.05432246e-16
9.15000000e+02	3.60626441e-15
9.25000000e+02	2.39596595e-14
9.35000000e+02	3.66882184e-14
9.45000000e+02	5.43518111e-14
9.55000000e+02	7.64215812e-14
9.65000000e+02	9.82323109e-14
9.75000000e+02	9.43407254e-14
9.85000000e+02	1.34620491e-13
9.95000000e+02	1.48794815e-13
1.00500000e+03	1.88131317e-13
1.01500000e+03	2.18452473e-13
1.02500000e+03	1.93661901e-13
1.03500000e+03	2.89492715e-13
1.04500000e+03	3.45768099e-13
1.05500000e+03	4.00223735e-13
1.06500000e+03	4.45538798e-13
1.07500000e+03	5.30346646e-13
1.08500000e+03	6.08295891e-13
1.09500000e+03	6.68664139e-13
1.10500000e+03	1.21456492e-12
1.11500000e+03	3.10238225e-12
1.12500000e+03	4.72498859e-12
1.13500000e+03	7.14695078e-12
1.14500000e+03	7.68273734e-12
1.15500000e+03	8.60336359e-12
1.16500000e+03	9.30101490e-12
1.17500000e+03	8.20181719e-12
1.18500000e+03	7.95831376e-12
1.19500000e+03	3.72407402e-12
1.20500000e+03	3.40409981e-12
1.21500000e+03	7.27917433e-13
1.22500000e+03	3.55738260e-12
1.23500000e+03	7.89009263e-12
1.24500000e+03	1.42153561e-11
1.25500000e+03	1.04057969e-10
1.26500000e+03	2.06377942e-10
1.27500000e+03	6.14249542e-10
1.28500000e+03	1.18938799e-09
1.29500000e+03	1.32982074e-09
1.30500000e+03	6.45856411e-10
1.31500000e+03	1.60349048e-09
1.32500000e+03	2.00878753e-09
1.33500000e+03	1.87260160e-09
1.34500000e+03	2.54977931e-09
1.35500000e+03	2.37893808e-09
1.36500000e+03	2.12752328e-09
1.37500000e+03	2.33027188e-09
1.38500000e+03	2.08083515e-09
1.39500000e+03	2.22790859e-09
1.40500000e+03	2.54846746e-09
1.41500000e+03	2.54741906e-09
1.42500000e+03	2.97913778e-09
1.43500000e+03	2.59729802e-09
1.44200000e+03	3.08387266e-09
1.44700000e+03	3.37382049e-09
1.45500000e+03	3.47227648e-09
1.46500000e+03	3.16267935e-09
1.47500000e+03	3.06625864e-09
1.48500000e+03	3.33102072e-09
1.49500000e+03	3.69969936e-09
1.50500000e+03	3.78717189e-09
1.51200000e+03	3.31182907e-09
1.51700000e+03	3.70857369e-09
1.52500000e+03	3.41031630e-09
1.53500000e+03	3.61980177e-09
1.54500000e+03	4.64892776e-09
1.55500000e+03	3.62803489e-09
1.56500000e+03	3.12086952e-09
1.57500000e+03	4.24005783e-09
1.58500000e+03	4.95137611e-09
1.59500000e+03	5.45447702e-09
1.60500000e+03	5.13560324e-09
1.61500000e+03	4.99231968e-09
1.62500000e+03	4.31416475e-09
1.63500000e+03	4.56235867e-09
1.64500000e+03	5.28354808e-09
1.65500000e+03	3.98730957e-09
1.66500000e+03	5.17509663e-09
1.67200000e+03	3.26200935e-09
1.67700000e+03	4.90549153e-09
1.68500000e+03	5.60079803e-09
1.69500000e+03	4.87479900e-09
1.70500000e+03	4.70099589e-09
1.71500000e+03	4.80319799e-09
1.72500000e+03	4.72701245e-09
1.73500000e+03	5.15659751e-09
1.74500000e+03	4.98776955e-09
1.75500000e+03	5.62709098e-09
1.76500000e+03	4.53978529e-09
1.77500000e+03	5.29846035e-09
1.78500000e+03	5.22018170e-09
1.79500000e+03	5.87106046e-09
1.80500000e+03	5.44267481e-09
1.81500000e+03	5.44967787e-09
1.82500000e+03	5.13376828e-09
1.83500000e+03	4.92660755e-09
1.84500000e+03	4.46576142e-09
1.85500000e+03	4.79957466e-09
1.86500000e+03	4.86794176e-09
1.87500000e+03	5.04812313e-09
1.88500000e+03	4.99535826e-09
1.89500000e+03	5.03492325e-09
1.90500000e+03	4.68137470e-09
1.91500000e+03	4.99652576e-09
1.92500000e+03	5.04746617e-09
1.93500000e+03	4.72482240e-09
1.94500000e+03	5.14916722e-09
1.95500000e+03	5.06955324e-09
1.96700000e+03	5.28048739e-09
1.97600000e+03	5.17543101e-09
1.98400000e+03	4.99722806e-09
1.99500000e+03	4.81717147e-09
2.00500000e+03	4.69719164e-09
2.01500000e+03	4.49459343e-09
2.02500000e+03	4.42878307e-09
2.03500000e+03	4.62847527e-09
2.04500000e+03	4.86081594e-09
2.05500000e+03	4.59454614e-09
2.06500000e+03	4.48914749e-09
2.07400000e+03	4.81096285e-09
2.07800000e+03	4.94044822e-09
2.08500000e+03	4.82412618e-09
2.09500000e+03	4.63050703e-09
2.10500000e+03	4.44083855e-09
2.11500000e+03	4.45063077e-09
2.12500000e+03	4.54638332e-09
2.13500000e+03	3.77352443e-09
2.14500000e+03	4.28435414e-09
2.15500000e+03	4.33321412e-09
2.16500000e+03	4.08416729e-09
2.17500000e+03	4.01605673e-09
2.18500000e+03	4.06157809e-09
2.19500000e+03	4.31397400e-09
2.20500000e+03	4.12782133e-09
2.21500000e+03	3.74363009e-09
2.22500000e+03	3.68050653e-09
2.23500000e+03	4.14620920e-09
2.24500000e+03	3.69853108e-09
2.25500000e+03	3.59658806e-09
2.26500000e+03	3.63278993e-09
2.27500000e+03	3.87004074e-09
2.28500000e+03	4.01048440e-09
2.29500000e+03	3.74398606e-09
2.30500000e+03	3.68250588e-09
2.31500000e+03	3.55428524e-09
2.32500000e+03	3.52389824e-09
2.33500000e+03	3.29440764e-09
2.34500000e+03	3.00863297e-09
2.35500000e+03	3.53465107e-09
2.36500000e+03	3.05075614e-09
2.37500000e+03	3.29207455e-09
2.38500000e+03	2.82275641e-09
2.39500000e+03	3.15247721e-09
2.40500000e+03	2.98564027e-09
2.41500000e+03	3.08934398e-09
2.42500000e+03	3.36026182e-09
2.43500000e+03	3.20986919e-09
2.44500000e+03	3.43871752e-09
2.45500000e+03	3.30909367e-09
2.46500000e+03	3.29984120e-09
2.47500000e+03	3.14948770e-09
2.48500000e+03	3.31818035e-09
2.49500000e+03	3.18843433e-09
2.50500000e+03	3.58047681e-09
2.51300000e+03	3.15605316e-09
2.51800000e+03	3.23241749e-09
2.52500000e+03	2.99277268e-09
2.53500000e+03	2.93530480e-09
2.54500000e+03	2.92112050e-09
2.55500000e+03	3.14966068e-09
2.56500000e+03	3.13655666e-09
2.57500000e+03	3.38498150e-09
2.58500000e+03	3.38701731e-09
2.59500000e+03	3.30334342e-09
2.60500000e+03	3.15454209e-09
2.61500000e+03	3.10746927e-09
2.62500000e+03	3.35196683e-09
2.63500000e+03	3.36639783e-09
2.64500000e+03	3.78516920e-09
2.65500000e+03	3.73299981e-09
2.66500000e+03	3.38125623e-09
2.67500000e+03	3.54839676e-09
2.68500000e+03	3.51815643e-09
2.69500000e+03	3.36297635e-09
2.70500000e+03	3.45281146e-09
2.71500000e+03	3.26524707e-09
2.72500000e+03	3.30319896e-09
2.73500000e+03	3.56914655e-09
2.74500000e+03	2.98649952e-09
2.75500000e+03	3.04303254e-09
2.76500000e+03	3.14556675e-09
2.77500000e+03	3.40356958e-09
2.78500000e+03	3.30244859e-09
2.79500000e+03	2.40751300e-09
2.80500000e+03	2.74992825e-09
2.81500000e+03	3.47926295e-09
2.82500000e+03	3.54516724e-09
2.83500000e+03	3.39545603e-09
2.84500000e+03	3.26492556e-09
2.85500000e+03	3.15005132e-09
2.86500000e+03	3.38380259e-09
2.87500000e+03	3.28053567e-09
2.88500000e+03	3.35105897e-09
2.89500000e+03	3.20516566e-09
2.91000000e+03	3.55956014e-09
2.93000000e+03	3.41010426e-09
2.95000000e+03	3.39543497e-09
2.97000000e+03	3.44964600e-09
2.99000000e+03	3.46474421e-09
3.01000000e+03	3.51199584e-09
3.03000000e+03	3.46690286e-09
3.05000000e+03	3.43230818e-09
3.07000000e+03	3.39769155e-09
3.09000000e+03	3.43854161e-09
3.11000000e+03	3.35058834e-09
3.13000000e+03	3.33338382e-09
3.15000000e+03	3.37942363e-09
3.17000000e+03	3.35462421e-09
3.19000000e+03	3.22315295e-09
3.21000000e+03	3.28448048e-09
3.23000000e+03	3.20923461e-09
3.25000000e+03	3.24597459e-09
3.27000000e+03	3.25160224e-09
3.29000000e+03	3.27249193e-09
3.31000000e+03	3.27929752e-09
3.33000000e+03	3.20799905e-09
3.35000000e+03	3.15663128e-09
3.37000000e+03	3.15156596e-09
3.39000000e+03	3.12827937e-09
3.41000000e+03	3.17081910e-09
3.43000000e+03	3.16046130e-09
3.45000000e+03	3.13362982e-09
3.47000000e+03	3.09327286e-09
3.49000000e+03	3.07643259e-09
3.51000000e+03	3.10314091e-09
3.53000000e+03	3.10101397e-09
3.55000000e+03	3.09829701e-09
3.57000000e+03	3.03663135e-09
3.59000000e+03	3.01912554e-09
3.61000000e+03	3.00689400e-09
3.63000000e+03	2.99758296e-09
3.64000000e+03	2.97789186e-09
3.65000000e+03	3.02423495e-09
3.67000000e+03	3.00900626e-09
3.69000000e+03	2.89702574e-09
3.71000000e+03	2.94666510e-09
3.73000000e+03	3.00576975e-09
3.75000000e+03	3.79216602e-09
3.77000000e+03	4.07645275e-09
3.79000000e+03	5.15047996e-09
3.81000000e+03	6.11394563e-09
3.83000000e+03	4.75815642e-09
3.85000000e+03	6.77866605e-09
3.87000000e+03	7.79105100e-09
3.89000000e+03	4.10750131e-09
3.91000000e+03	7.72955539e-09
3.93000000e+03	7.93240497e-09
3.95000000e+03	7.72118239e-09
3.97000000e+03	3.90873666e-09
3.99000000e+03	7.36333006e-09
4.01000000e+03	8.25290679e-09
4.03000000e+03	8.21909335e-09
4.05000000e+03	8.12011493e-09
4.07000000e+03	7.71304789e-09
4.09000000e+03	5.82272477e-09
4.11000000e+03	4.34765330e-09
4.13000000e+03	7.23178821e-09
4.15000000e+03	7.61274347e-09
4.17000000e+03	7.53723461e-09
4.19000000e+03	7.46169317e-09
4.21000000e+03	7.38612085e-09
4.23000000e+03	7.22744215e-09
4.25000000e+03	7.13991810e-09
4.27000000e+03	6.96323737e-09
4.29000000e+03	6.91117243e-09
4.31000000e+03	6.44334803e-09
4.33000000e+03	4.70303197e-09
4.35000000e+03	3.96487281e-09
4.37000000e+03	6.25679630e-09
4.39000000e+03	6.40058922e-09
4.41000000e+03	6.37800065e-09
4.43000000e+03	6.33162293e-09
4.45000000e+03	6.32685210e-09
4.47000000e+03	6.24476275e-09
4.49000000e+03	6.10315781e-09
4.51000000e+03	6.11024037e-09
4.53000000e+03	5.99831093e-09
4.55000000e+03	5.85836640e-09
4.57000000e+03	5.89219484e-09
4.59000000e+03	5.76825403e-09
4.61000000e+03	5.79433636e-09
4.63000000e+03	5.63638046e-09
4.65000000e+03	5.64576694e-09
4.67000000e+03	5.56631939e-09
4.69000000e+03	5.43142122e-09
4.71000000e+03	5.25829161e-09
4.73000000e+03	5.35750366e-09
4.75000000e+03	5.29516743e-09
4.77000000e+03	5.22028832e-09
4.79000000e+03	5.14061325e-09
4.81000000e+03	5.01438333e-09
4.83000000e+03	4.75506621e-09
4.85000000e+03	3.59104267e-09
4.87000000e+03	2.87484963e-09
4.89000000e+03	4.45652717e-09
4.91000000e+03	4.69903434e-09
4.93000000e+03	4.65919010e-09
4.95000000e+03	4.66770577e-09
4.97000000e+03	4.64456773e-09
4.99000000e+03	4.57064327e-09
5.01000000e+03	4.45905366e-09
5.03000000e+03	4.45798067e-09
5.05000000e+03	4.37920867e-09
5.07000000e+03	4.37692714e-09
5.09000000e+03	4.32681437e-09
5.11000000e+03	4.27608758e-09
5.13000000e+03	4.22295169e-09
5.15000000e+03	4.15903164e-09
5.17000000e+03	4.06092950e-09
5.19000000e+03	4.02562370e-09
5.21000000e+03	4.02021401e-09
5.23000000e+03	3.93937635e-09
5.25000000e+03	3.94650872e-09
5.27000000e+03	3.83570449e-09
5.29000000e+03	3.85719424e-09
5.31000000e+03	3.78107954e-09
5.33000000e+03	3.73429020e-09
5.35000000e+03	3.73720554e-09
5.37000000e+03	3.68260932e-09
5.39000000e+03	3.64597269e-09
5.41000000e+03	3.58895110e-09
5.43000000e+03	3.56188057e-09
5.45000000e+03	3.53660085e-09
5.47000000e+03	3.49632635e-09
5.49000000e+03	3.46263600e-09
5.51000000e+03	3.42471599e-09
5.53000000e+03	3.38016650e-09
5.55000000e+03	3.35539982e-09
5.57000000e+03	3.31621702e-09
5.59000000e+03	3.28182455e-09
5.61000000e+03	3.25222396e-09
5.63000000e+03	3.21961542e-09
5.65000000e+03	3.18159718e-09
5.67000000e+03	3.14717122e-09
5.69000000e+03	3.11813978e-09
5.71000000e+03	3.08609927e-09
5.73000000e+03	3.05765362e-09
5.75000000e+03	3.02199418e-09
5.77000000e+03	2.99233243e-09
5.79000000e+03	2.95905912e-09
5.81000000e+03	2.93058382e-09
5.83000000e+03	2.90089986e-09
5.85000000e+03	2.87180950e-09
5.87000000e+03	2.83910594e-09
5.89000000e+03	2.79016553e-09
5.91000000e+03	2.78387629e-09
5.93000000e+03	2.75652521e-09
5.95000000e+03	2.72375692e-09
5.97000000e+03	2.69939653e-09
5.99000000e+03	2.66721256e-09
6.01000000e+03	2.64163785e-09
6.03000000e+03	2.61966661e-09
6.05000000e+03	2.59167468e-09
6.07000000e+03	2.56848996e-09
6.09000000e+03	2.54229171e-09
6.11000000e+03	2.51668953e-09
6.13000000e+03	2.48927607e-09
6.15000000e+03	2.44078950e-09
6.17000000e+03	2.43924727e-09
6.19000000e+03	2.42084714e-09
6.21000000e+03	2.39701181e-09
6.23000000e+03	2.37195521e-09
6.25000000e+03	2.33424674e-09
6.27000000e+03	2.32845234e-09
6.29000000e+03	2.30639322e-09
6.31000000e+03	2.27951071e-09
6.33000000e+03	2.26045485e-09
6.35000000e+03	2.22030692e-09
6.37000000e+03	2.20545940e-09
6.39000000e+03	2.19543032e-09
6.41000000e+03	2.17033171e-09
6.43000000e+03	2.15185846e-09
6.45000000e+03	2.11469432e-09
6.47000000e+03	2.10585806e-09
6.49000000e+03	2.07410831e-09
6.51000000e+03	2.04174412e-09
6.53000000e+03	1.96896376e-09
6.55000000e+03	1.68206680e-09
6.57000000e+03	1.35047475e-09
6.59000000e+03	1.84703549e-09
6.61000000e+03	1.93587555e-09
6.63000000e+03	1.94328316e-09
6.65000000e+03	1.93440137e-09
6.67000000e+03	1.91948363e-09
6.69000000e+03	1.90577019e-09
6.71000000e+03	1.89084735e-09
6.73000000e+03	1.87169684e-09
6.75000000e+03	1.85556100e-09
6.77000000e+03	1.84123354e-09
6.79000000e+03	1.82388504e-09
6.81000000e+03	1.80774093e-09
6.83000000e+03	1.79038638e-09
6.85000000e+03	1.77484039e-09
6.87000000e+03	1.75928776e-09
6.89000000e+03	1.74433646e-09
6.91000000e+03	1.72816775e-09
6.93000000e+03	1.71198989e-09
6.95000000e+03	1.69762186e-09
6.97000000e+03	1.68204320e-09
6.99000000e+03	1.66827497e-09
7.01000000e+03	1.64906605e-09
7.03000000e+03	1.63771033e-09
7.05000000e+03	1.62333105e-09
7.07000000e+03	1.61015844e-09
7.09000000e+03	1.59637925e-09
7.11000000e+03	1.56929885e-09
7.13000000e+03	1.56639641e-09
7.15000000e+03	1.55261068e-09
7.17000000e+03	1.54063679e-09
7.19000000e+03	1.52684705e-09
7.21000000e+03	1.51486933e-09
7.23000000e+03	1.50107538e-09
7.25000000e+03	1.48667450e-09
7.27000000e+03	1.47650425e-09
7.29000000e+03	1.46209795e-09
7.31000000e+03	1.45010474e-09
7.33000000e+03	1.43810521e-09
7.35000000e+03	1.42670904e-09
7.37000000e+03	1.41531138e-09
7.39000000e+03	1.40270182e-09
7.41000000e+03	1.38948523e-09
7.43000000e+03	1.37445123e-09
7.45000000e+03	1.36486246e-09
7.47000000e+03	1.34921938e-09
7.49000000e+03	1.34144357e-09
7.51000000e+03	1.33184842e-09
7.53000000e+03	1.32224992e-09
7.55000000e+03	1.31204459e-09
7.57000000e+03	1.30123083e-09
7.59000000e+03	1.29041566e-09
7.61000000e+03	1.28020453e-09
7.63000000e+03	1.26938658e-09
7.65000000e+03	1.25856722e-09
7.67000000e+03	1.24714066e-09
7.69000000e+03	1.23752986e-09
7.71000000e+03	1.22731203e-09
7.73000000e+03	1.21830444e-09
7.75000000e+03	1.20868984e-09
7.77000000e+03	1.17604465e-09
7.79000000e+03	1.18944633e-09
7.81000000e+03	1.17982282e-09
7.83000000e+03	1.16898619e-09
7.85000000e+03	1.15814812e-09
7.87000000e+03	1.14609675e-09
7.89000000e+03	1.13464989e-09
7.91000000e+03	1.13047549e-09
7.93000000e+03	1.12266348e-09
7.95000000e+03	1.10939441e-09
7.97000000e+03	1.10642801e-09
7.99000000e+03	1.08709120e-09
8.01000000e+03	1.08897279e-09
8.03000000e+03	1.07993890e-09
8.05000000e+03	1.07211685e-09
8.07000000e+03	1.06308109e-09
8.09000000e+03	1.05465064e-09
8.11000000e+03	1.04682582e-09
8.13000000e+03	1.03900010e-09
8.15000000e+03	1.03117339e-09
8.17000000e+03	1.02334590e-09
8.19000000e+03	1.00945116e-09
8.21000000e+03	1.00465258e-09
8.23000000e+03	9.96210879e-10
8.25000000e+03	9.90802070e-10
8.27000000e+03	9.90245482e-10
8.29000000e+03	9.82407245e-10
8.31000000e+03	9.75781817e-10
8.33000000e+03	9.63693997e-10
8.35000000e+03	9.61315212e-10
8.37000000e+03	9.54687703e-10
8.39000000e+03	9.45631818e-10
8.41000000e+03	9.37181861e-10
8.43000000e+03	9.28731156e-10
8.45000000e+03	9.10566818e-10
8.47000000e+03	9.01506749e-10
8.49000000e+03	9.10051874e-10
8.51000000e+03	8.68205504e-10
8.53000000e+03	9.05286662e-10
8.55000000e+03	8.19110338e-10
8.57000000e+03	9.09628946e-10
8.59000000e+03	8.42269151e-10
8.61000000e+03	8.21663898e-10
8.63000000e+03	9.14625603e-10
8.65000000e+03	8.70335263e-10
8.67000000e+03	7.22177913e-10
8.69000000e+03	8.85608696e-10
8.71000000e+03	9.25744810e-10
8.73000000e+03	8.79623603e-10
8.75000000e+03	6.87696333e-10
8.77000000e+03	8.31109768e-10
8.79000000e+03	9.21071723e-10
8.81000000e+03	9.30230460e-10
8.83000000e+03	8.97462003e-10
8.85000000e+03	7.81442026e-10
8.87000000e+03	6.59939411e-10
8.89000000e+03	8.45317365e-10
8.91000000e+03	8.95187121e-10
8.93000000e+03	9.03125972e-10
8.95000000e+03	9.03772050e-10
8.97000000e+03	8.83144916e-10
8.99000000e+03	8.26046035e-10
9.01000000e+03	6.44938933e-10
9.03000000e+03	7.06362732e-10
9.05000000e+03	8.27974957e-10
9.07000000e+03	8.44424373e-10
9.09000000e+03	8.43244280e-10
9.11000000e+03	8.54223863e-10
9.13000000e+03	8.52436039e-10
9.15000000e+03	8.46391805e-10
9.17000000e+03	8.32442222e-10
9.19000000e+03	8.03289123e-10
9.21000000e+03	7.29741022e-10
9.23000000e+03	5.63566428e-10
9.25000000e+03	6.98178138e-10
9.27000000e+03	7.60851857e-10
9.29000000e+03	7.95552721e-10
9.31000000e+03	7.98627686e-10
9.33000000e+03	7.95011938e-10
9.35000000e+03	7.91395936e-10
9.37000000e+03	7.86562923e-10
9.39000000e+03	7.76862696e-10
9.41000000e+03	7.61686233e-10
9.43000000e+03	7.66585768e-10
9.45000000e+03	7.61142475e-10
9.47000000e+03	7.52656424e-10
9.49000000e+03	7.39910324e-10
9.51000000e+03	7.12558392e-10
9.53000000e+03	6.37129739e-10
9.55000000e+03	5.09967989e-10
9.57000000e+03	6.43872373e-10
9.59000000e+03	6.98060058e-10
9.61000000e+03	7.07822447e-10
9.63000000e+03	7.01760893e-10
9.65000000e+03	7.08480764e-10
9.67000000e+03	6.99984078e-10
9.69000000e+03	6.99399968e-10
9.71000000e+03	6.98207064e-10
9.73000000e+03	6.93361597e-10
9.75000000e+03	6.87906995e-10
9.77000000e+03	6.84278403e-10
9.79000000e+03	6.79431935e-10
9.81000000e+03	6.73976321e-10
9.83000000e+03	6.68520324e-10
9.85000000e+03	6.63063888e-10
9.87000000e+03	6.58215992e-10
9.89000000e+03	6.50323195e-10
9.91000000e+03	6.47910265e-10
9.93000000e+03	6.42452336e-10
9.95000000e+03	6.37603032e-10
9.97000000e+03	6.31535437e-10
9.99000000e+03	6.21204164e-10
1.00250000e+04	5.53307724e-10
1.00750000e+04	5.23830495e-10
1.01250000e+04	5.91920504e-10
1.01750000e+04	5.91433276e-10
1.02250000e+04	5.84063968e-10
1.02750000e+04	5.74623970e-10
1.03250000e+04	5.64513965e-10
1.03750000e+04	5.55256636e-10
1.04250000e+04	5.46121141e-10
1.04750000e+04	5.34549507e-10
1.05250000e+04	5.26510248e-10
1.05750000e+04	5.18653658e-10
1.06250000e+04	5.10553508e-10
1.06750000e+04	4.95997618e-10
1.07250000e+04	4.91612567e-10
1.07750000e+04	4.84304149e-10
1.08250000e+04	4.75046820e-10
1.08750000e+04	4.59820950e-10
1.09250000e+04	3.81986357e-10
1.09750000e+04	4.18102107e-10
1.10250000e+04	4.43742459e-10
1.10750000e+04	4.40758174e-10
1.11250000e+04	4.34911468e-10
1.11750000e+04	4.28455699e-10
1.12250000e+04	4.21999930e-10
1.12750000e+04	4.10671882e-10
1.13250000e+04	4.04825148e-10
1.13750000e+04	4.01901781e-10
1.14250000e+04	3.95324233e-10
1.14750000e+04	3.90573761e-10
1.15250000e+04	3.84727027e-10
1.15750000e+04	3.78819376e-10
1.16250000e+04	3.71145565e-10
1.16750000e+04	3.64080761e-10
1.17250000e+04	3.62070932e-10
1.17750000e+04	3.52570017e-10
1.18250000e+04	3.49585732e-10
1.18750000e+04	3.43678108e-10
1.19250000e+04	3.41181052e-10
1.19750000e+04	3.34664393e-10
1.20250000e+04	3.30766571e-10
1.20750000e+04	3.25467981e-10
1.21250000e+04	3.20961124e-10
1.21750000e+04	3.16758797e-10
1.22250000e+04	3.12069216e-10
1.22750000e+04	3.07196937e-10
1.23250000e+04	3.02933694e-10
1.23750000e+04	2.98853174e-10
1.24250000e+04	2.94955351e-10
1.24750000e+04	2.89961266e-10
1.25250000e+04	2.86428864e-10
1.25750000e+04	2.81252082e-10
1.26250000e+04	2.77658790e-10
1.26750000e+04	2.73760967e-10
1.27250000e+04	2.68340544e-10
1.27750000e+04	2.54941806e-10
1.28250000e+04	2.17547082e-10
1.28750000e+04	2.50739452e-10
1.29250000e+04	2.54210964e-10
1.29750000e+04	2.52018439e-10
1.30250000e+04	2.49277768e-10
1.30750000e+04	2.46049897e-10
1.31250000e+04	2.42700192e-10
1.31750000e+04	2.38802370e-10
1.32250000e+04	2.36244451e-10
1.32750000e+04	2.33077470e-10
1.33250000e+04	2.29971379e-10
1.33750000e+04	2.26926218e-10
1.34250000e+04	2.23881044e-10
1.34750000e+04	2.20896774e-10
1.35250000e+04	2.17668889e-10
1.35750000e+04	2.14928233e-10
1.36250000e+04	2.12248479e-10
1.36750000e+04	2.09325112e-10
1.37250000e+04	2.06036338e-10
1.37750000e+04	2.04026523e-10
1.38250000e+04	2.01407674e-10
1.38750000e+04	1.98971534e-10
1.39250000e+04	1.96169974e-10
1.39750000e+04	1.93855642e-10
1.40250000e+04	1.91419503e-10
1.40750000e+04	1.89044267e-10
1.41250000e+04	1.86547238e-10
1.41750000e+04	1.84232906e-10
1.42250000e+04	1.81918573e-10
1.42750000e+04	1.79604241e-10
1.43250000e+04	1.77350812e-10
1.43750000e+04	1.75219191e-10
1.44250000e+04	1.71504078e-10
1.44750000e+04	1.70834140e-10
1.45250000e+04	1.68032594e-10
1.45700000e+04	1.66875427e-10
1.46200000e+04	1.64743806e-10
1.46750000e+04	1.62855798e-10
1.47250000e+04	1.60845983e-10
1.47750000e+04	1.58531651e-10
1.48250000e+04	1.56948160e-10
1.48750000e+04	1.54694731e-10
1.49250000e+04	1.53537565e-10
1.49750000e+04	1.51527750e-10
1.50250000e+04	1.49517935e-10
1.50750000e+04	1.47812652e-10
1.51250000e+04	1.46290065e-10
1.51750000e+04	1.44523864e-10
1.52250000e+04	1.42879470e-10
1.52750000e+04	1.40930558e-10
1.53250000e+04	1.39103454e-10
1.53750000e+04	1.37763577e-10
1.54250000e+04	1.35083824e-10
1.54750000e+04	1.34413886e-10
1.55250000e+04	1.32769492e-10
1.55750000e+04	1.29237090e-10
1.56250000e+04	1.31064194e-10
1.56750000e+04	1.26861868e-10
1.57250000e+04	1.23633984e-10
1.57750000e+04	1.27044578e-10
1.58250000e+04	1.25339281e-10
1.58750000e+04	1.15412014e-10
1.59250000e+04	1.20649713e-10
1.59750000e+04	1.22659528e-10
1.60500000e+04	1.18335381e-10
1.61500000e+04	1.11331487e-10
1.62500000e+04	1.16690987e-10
1.63500000e+04	1.10235225e-10
1.64500000e+04	1.03292235e-10
1.65500000e+04	1.09747997e-10
1.66500000e+04	1.07555471e-10
1.67500000e+04	1.00673385e-10
1.68500000e+04	9.40958160e-11
1.69500000e+04	1.00551578e-10
1.70500000e+04	9.87853771e-11
1.71500000e+04	9.67146588e-11
1.72500000e+04	9.36085881e-11
1.73500000e+04	8.24632580e-11
1.74500000e+04	8.83099853e-11
1.75500000e+04	8.84926957e-11
1.76500000e+04	8.68483018e-11
1.77500000e+04	8.52039078e-11
1.78500000e+04	8.34377137e-11
1.79500000e+04	8.16715128e-11
1.80500000e+04	7.92353735e-11
1.81500000e+04	7.05870861e-11
1.82500000e+04	7.39976810e-11
1.83500000e+04	7.49721299e-11
1.84500000e+04	7.36931636e-11
1.85500000e+04	7.20487697e-11
1.86500000e+04	6.99780513e-11
1.87500000e+04	6.21215092e-11
1.88500000e+04	6.68719738e-11
1.89500000e+04	6.65065529e-11
1.90500000e+04	6.55320972e-11
1.91500000e+04	6.42531310e-11
1.92500000e+04	6.27914475e-11
1.93500000e+04	6.07816326e-11
1.94500000e+04	5.40518014e-11
1.95500000e+04	5.84733948e-11
1.96500000e+04	5.81993291e-11
1.97500000e+04	5.72248700e-11
1.98500000e+04	5.61895108e-11
1.99500000e+04	5.51419730e-11
2.00500000e+04	5.41248870e-11
2.01500000e+04	5.31260706e-11
2.02500000e+04	5.21394328e-11
2.03500000e+04	5.11771592e-11
2.04500000e+04	5.02636070e-11
2.05500000e+04	4.93500547e-11
2.06500000e+04	4.84365060e-11
2.07500000e+04	4.75716752e-11
2.08500000e+04	4.67312085e-11
2.09500000e+04	4.58907418e-11
2.10500000e+04	4.50685449e-11
2.11500000e+04	4.42219872e-11
2.12500000e+04	4.34424240e-11
2.13500000e+04	4.26811305e-11
2.14500000e+04	4.18711156e-11
2.15500000e+04	4.06895887e-11
2.16500000e+04	3.64567968e-11
2.17500000e+04	3.89477485e-11
2.18500000e+04	3.90208340e-11
2.19500000e+04	3.85092455e-11
2.20500000e+04	3.78393072e-11
2.21500000e+04	3.71754599e-11
2.22500000e+04	3.65907858e-11
2.23500000e+04	3.59756600e-11
2.24500000e+04	3.53788072e-11
2.25500000e+04	3.47697724e-11
2.26500000e+04	3.42094625e-11
2.27500000e+04	3.36491491e-11
2.28500000e+04	3.31071088e-11
2.29500000e+04	3.25650685e-11
2.30500000e+04	3.20534799e-11
2.31500000e+04	3.15358004e-11
2.32500000e+04	3.10303028e-11
2.33500000e+04	3.05369840e-11
2.34500000e+04	3.00558472e-11
2.35500000e+04	2.95808014e-11
2.36500000e+04	2.91118432e-11
2.37500000e+04	2.86550671e-11
2.38500000e+04	2.82043820e-11
2.39500000e+04	2.77597880e-11
2.40500000e+04	2.73212833e-11
2.41500000e+04	2.68949589e-11
2.42500000e+04	2.64808149e-11
2.43500000e+04	2.60666726e-11
2.44500000e+04	2.56464375e-11
2.45500000e+04	2.52688363e-11
2.46500000e+04	2.48486030e-11
2.47500000e+04	2.44710017e-11
2.48500000e+04	2.41482130e-11
2.49500000e+04	2.35939923e-11
2.50500000e+04	2.34478246e-11
2.51500000e+04	2.31006751e-11
2.52500000e+04	2.24185565e-11
2.53500000e+04	2.23820137e-11
2.54500000e+04	2.21566712e-11
2.55500000e+04	2.16938041e-11
2.56500000e+04	2.08837891e-11
2.57500000e+04	2.11091317e-11
2.58500000e+04	2.09081498e-11
2.59500000e+04	2.05914521e-11
2.60500000e+04	1.99702369e-11
2.61500000e+04	1.89957829e-11
2.62500000e+04	1.78507972e-11
2.63500000e+04	1.90445061e-11
2.64500000e+04	1.91541310e-11
2.65500000e+04	1.89166081e-11
2.66500000e+04	1.84354713e-11
2.67500000e+04	1.72052213e-11
2.68500000e+04	1.79238827e-11
2.69500000e+04	1.79238827e-11
2.70500000e+04	1.77107205e-11
2.71500000e+04	1.74853780e-11
2.72500000e+04	1.72356730e-11
2.73500000e+04	1.69737877e-11
2.74500000e+04	1.65900972e-11
2.75500000e+04	1.53659382e-11
2.76500000e+04	1.56826360e-11
2.77500000e+04	1.59993338e-11
2.78500000e+04	1.58653464e-11
2.79500000e+04	1.56826360e-11
2.80500000e+04	1.54694738e-11
2.81500000e+04	1.52563116e-11
2.82500000e+04	1.50553298e-11
2.83500000e+04	1.48543480e-11
2.84500000e+04	1.46168251e-11
2.85500000e+04	1.43610308e-11
2.86500000e+04	1.38068093e-11
2.87500000e+04	1.28993481e-11
2.88500000e+04	1.36728220e-11
2.89500000e+04	1.36423702e-11
2.90500000e+04	1.35205633e-11
2.91500000e+04	1.33378528e-11
2.92500000e+04	1.31734138e-11
2.93500000e+04	1.30028846e-11
2.94500000e+04	1.28384446e-11
2.95500000e+04	1.26740056e-11
2.96500000e+04	1.25095665e-11
2.97500000e+04	1.23451266e-11
2.98500000e+04	1.21867777e-11
2.99500000e+04	1.20345199e-11
3.00500000e+04	1.18761702e-11
3.01500000e+04	1.16873695e-11
3.02500000e+04	1.14498467e-11
3.03500000e+04	1.06337407e-11
3.04500000e+04	1.07311861e-11
3.05500000e+04	1.10539740e-11
3.06500000e+04	1.09808902e-11
3.07500000e+04	1.08712636e-11
3.08500000e+04	1.07311861e-11
3.09500000e+04	1.06032890e-11
3.10500000e+04	1.04753918e-11
3.11500000e+04	1.03414037e-11
3.12500000e+04	1.02195967e-11
3.13500000e+04	1.00916996e-11
3.14500000e+04	9.96989259e-12
3.15500000e+04	9.85417666e-12
3.16500000e+04	9.73236970e-12
3.17500000e+04	9.61665292e-12
3.18500000e+04	9.50093613e-12
3.19500000e+04	9.38522020e-12
3.21000000e+04	9.22078029e-12
3.23000000e+04	9.00152793e-12
3.25000000e+04	8.79445678e-12
3.27000000e+04	8.55693304e-12
3.29000000e+04	7.91135631e-12
3.31000000e+04	8.02098292e-12
3.33000000e+04	7.97225979e-12
3.35000000e+04	7.80173056e-12
3.37000000e+04	7.61902012e-12
3.39000000e+04	7.45458107e-12
3.41000000e+04	7.29014201e-12
3.43000000e+04	7.13179270e-12
3.45000000e+04	6.97344383e-12
3.47000000e+04	6.82118512e-12
3.49000000e+04	6.67501703e-12
3.51000000e+04	6.52884850e-12
3.53000000e+04	6.38877058e-12
3.55000000e+04	6.24869266e-12
3.57000000e+04	6.11470535e-12
3.59000000e+04	5.98619911e-12
3.61000000e+04	5.85586555e-12
3.63000000e+04	5.73649501e-12
3.65000000e+04	5.60920654e-12
3.67000000e+04	5.50018947e-12
3.69000000e+04	5.36681083e-12
3.71000000e+04	5.26327525e-12
3.73000000e+04	5.01478893e-12
3.75000000e+04	4.85400407e-12
3.77000000e+04	4.94901348e-12
3.79000000e+04	4.86313976e-12
3.81000000e+04	4.73524220e-12
3.83000000e+04	4.64632339e-12
3.85000000e+04	4.58298392e-12
3.87000000e+04	4.49162870e-12
3.89000000e+04	4.38809270e-12
3.91000000e+04	4.24436059e-12
3.93000000e+04	4.22913472e-12
3.95000000e+04	4.15544178e-12
3.97000000e+04	4.07687601e-12
3.99000000e+04	3.99161140e-12
4.01000000e+04	3.86066917e-12
4.03000000e+04	3.76322335e-12
4.05000000e+04	3.58782150e-12
4.07000000e+04	3.68100382e-12
4.09000000e+04	3.63289022e-12
4.11000000e+04	3.57259563e-12
4.13000000e+04	3.50133868e-12
4.15000000e+04	3.41790095e-12
4.17000000e+04	3.24006290e-12
4.19000000e+04	3.28878560e-12
4.21000000e+04	3.25224368e-12
4.23000000e+04	3.19743059e-12
4.25000000e+04	3.13957220e-12
4.27000000e+04	3.08232313e-12
4.29000000e+04	3.02690093e-12
4.31000000e+04	2.97269695e-12
4.33000000e+04	2.91971095e-12
4.35000000e+04	2.85454418e-12
4.37000000e+04	2.69924039e-12
4.39000000e+04	2.71568425e-12
4.41000000e+04	2.71324827e-12
4.43000000e+04	2.67122485e-12
4.45000000e+04	2.62493813e-12
4.47000000e+04	2.58352382e-12
4.49000000e+04	2.53480112e-12
4.51000000e+04	2.49155971e-12
4.53000000e+04	2.44831830e-12
4.55000000e+04	2.40690398e-12
4.57000000e+04	2.36548966e-12
4.59000000e+04	2.32468424e-12
4.61000000e+04	2.28387903e-12
4.63000000e+04	2.23393812e-12
4.65000000e+04	2.08837891e-12
4.67000000e+04	2.05731807e-12
4.69000000e+04	2.11152227e-12
4.71000000e+04	2.09934149e-12
4.73000000e+04	2.06828086e-12
4.75000000e+04	2.03539292e-12
4.77000000e+04	2.00311408e-12
4.79000000e+04	1.97083525e-12
4.81000000e+04	1.93977462e-12
4.83000000e+04	1.90871377e-12
4.85000000e+04	1.87826203e-12
4.87000000e+04	1.84841940e-12
4.89000000e+04	1.81857676e-12
4.91000000e+04	1.78995211e-12
4.93000000e+04	1.76193647e-12
4.95000000e+04	1.73452992e-12
4.97000000e+04	1.70712338e-12
4.99000000e+04	1.68093493e-12
5.01000000e+04	1.65474638e-12
5.03000000e+04	1.62855793e-12
5.05000000e+04	1.60358759e-12
5.07000000e+04	1.57861714e-12
5.09000000e+04	1.55121059e-12
5.11000000e+04	1.51466857e-12
5.13000000e+04	1.42818564e-12
5.15000000e+04	1.47325414e-12
5.17000000e+04	1.45924637e-12
5.19000000e+04	1.44097531e-12
5.21000000e+04	1.42087725e-12
5.23000000e+04	1.39956099e-12
5.25000000e+04	1.37702674e-12
5.27000000e+04	1.35510148e-12
5.29000000e+04	1.33804852e-12
5.31000000e+04	1.31977756e-12
5.33000000e+04	1.30028839e-12
5.35000000e+04	1.28079933e-12
5.37000000e+04	1.25765598e-12
5.39000000e+04	1.23999401e-12
5.41000000e+04	1.22598624e-12
5.43000000e+04	1.21076037e-12
5.45000000e+04	1.19431640e-12
5.47000000e+04	1.17726344e-12
5.49000000e+04	1.15777438e-12
5.51000000e+04	1.13767622e-12
5.53000000e+04	1.11636006e-12
5.55000000e+04	1.10844258e-12
5.57000000e+04	1.09565291e-12
5.59000000e+04	1.08103603e-12
5.61000000e+04	1.06641916e-12
5.63000000e+04	1.05180239e-12
5.65000000e+04	1.03718552e-12
5.67000000e+04	1.02195975e-12
5.69000000e+04	1.00368869e-12
5.71000000e+04	9.78109240e-13
5.73000000e+04	9.75673041e-13
5.75000000e+04	9.66537561e-13
5.77000000e+04	9.55574986e-13
5.79000000e+04	9.42176212e-13
5.81000000e+04	9.29995537e-13
5.83000000e+04	9.16596763e-13
5.85000000e+04	9.03197989e-13
5.87000000e+04	8.89799214e-13
5.89000000e+04	8.69092057e-13
5.91000000e+04	8.20978354e-13
5.93000000e+04	8.47775849e-13
5.95000000e+04	8.26459642e-13
5.97000000e+04	8.24023550e-13
5.99000000e+04	8.22196400e-13
6.01000000e+04	8.13060921e-13
6.03000000e+04	8.02707342e-13
6.05000000e+04	7.92962759e-13
6.07000000e+04	7.82609180e-13
6.09000000e+04	7.72864651e-13
6.11000000e+04	7.63120069e-13
6.13000000e+04	7.53375540e-13
6.15000000e+04	7.43631011e-13
6.17000000e+04	7.34495478e-13
6.19000000e+04	7.24750895e-13
6.21000000e+04	7.15615416e-13
6.23000000e+04	7.06479883e-13
6.25000000e+04	6.96735354e-13
6.27000000e+04	6.83945630e-13
6.29000000e+04	6.55930035e-13
6.31000000e+04	6.64456518e-13
6.33000000e+04	6.62629422e-13
6.35000000e+04	6.55320985e-13
6.37000000e+04	6.48012602e-13
6.39000000e+04	6.40095115e-13
6.42000000e+04	6.29132540e-13
6.46000000e+04	6.14515720e-13
6.50000000e+04	5.99594347e-13
6.54000000e+04	5.85403846e-13
6.58000000e+04	5.71396075e-13
6.62000000e+04	5.57814570e-13
6.66000000e+04	5.44598527e-13
6.70000000e+04	5.31017075e-13
6.74000000e+04	5.15852115e-13
6.78000000e+04	4.92769722e-13
6.82000000e+04	4.94414140e-13
6.86000000e+04	4.84547737e-13
6.90000000e+04	4.74011481e-13
6.94000000e+04	4.62622533e-13
6.98000000e+04	4.52877951e-13
7.02000000e+04	4.42950717e-13
7.06000000e+04	4.32901637e-13
7.10000000e+04	4.22730762e-13
7.14000000e+04	4.14326100e-13
7.18000000e+04	4.05373298e-13
7.22000000e+04	3.96481380e-13
7.26000000e+04	3.86797734e-13
7.30000000e+04	3.79184799e-13
7.34000000e+04	3.71632774e-13
7.38000000e+04	3.63228112e-13
7.42000000e+04	3.53970785e-13
7.46000000e+04	3.35212517e-13
7.50000000e+04	3.24189005e-13
7.54000000e+04	3.30583867e-13
7.58000000e+04	3.26259716e-13
7.62000000e+04	3.19925764e-13
7.66000000e+04	3.13530901e-13
7.70000000e+04	3.07136039e-13
7.74000000e+04	3.00680266e-13
7.78000000e+04	2.93128242e-13
7.82000000e+04	2.88743206e-13
7.86000000e+04	2.83688211e-13
7.90000000e+04	2.78206896e-13
7.94000000e+04	2.72725609e-13
7.98000000e+04	2.67366088e-13
8.02000000e+04	2.62128389e-13
8.06000000e+04	2.57073420e-13
8.10000000e+04	2.51592106e-13
8.14000000e+04	2.44710014e-13
8.18000000e+04	2.40994912e-13
8.22000000e+04	2.37645219e-13
8.26000000e+04	2.33381977e-13
8.30000000e+04	2.28996942e-13
8.34000000e+04	2.24672790e-13
8.38000000e+04	2.20409548e-13
8.42000000e+04	2.16329011e-13
8.46000000e+04	2.12370294e-13
8.50000000e+04	2.08472475e-13
8.54000000e+04	2.04635552e-13
8.58000000e+04	2.00798643e-13
8.62000000e+04	1.96535401e-13
8.66000000e+04	1.90018732e-13
8.70000000e+04	1.88922466e-13
8.74000000e+04	1.82527604e-13
8.78000000e+04	1.79299718e-13
8.82000000e+04	1.79726050e-13
8.86000000e+04	1.76924496e-13
8.90000000e+04	1.73818417e-13
8.94000000e+04	1.70773248e-13
8.98000000e+04	1.67788976e-13
9.02000000e+04	1.64865615e-13
9.06000000e+04	1.62003150e-13
9.10000000e+04	1.59201583e-13
9.14000000e+04	1.56460939e-13
9.18000000e+04	1.53781179e-13
9.22000000e+04	1.51101432e-13
9.26000000e+04	1.48238968e-13
9.30000000e+04	1.45802835e-13
9.34000000e+04	1.43123075e-13
9.38000000e+04	1.37824478e-13
9.42000000e+04	1.37459057e-13
9.46000000e+04	1.36180087e-13
9.50000000e+04	1.33987569e-13
9.54000000e+04	1.31795038e-13
9.58000000e+04	1.29907032e-13
9.62000000e+04	1.27836321e-13
9.66000000e+04	1.25704701e-13
9.70000000e+04	1.23694887e-13
9.74000000e+04	1.21685074e-13
9.78000000e+04	1.19736157e-13
9.82000000e+04	1.17604536e-13
9.86000000e+04	1.15594723e-13
9.90000000e+04	1.14072139e-13
9.94000000e+04	1.12305940e-13
9.98000000e+04	1.10539741e-13
1.00200000e+05	1.08773542e-13
2.00000000e+05	6.95517266e-15
4.00000000e+05	4.31622651e-16
6.00000000e+05	8.44121660e-17
8.00000000e+05	2.64747263e-17
1.00000000e+06	1.07616371e-17
1.20000000e+06	5.15730293e-18
1.40000000e+06	2.76806110e-18
1.60000000e+06	1.61455017e-18
